
# projection
proj4_string <- "+proj=longlat +datum=WGS84 +no_defs"

# non land CDL classes
non_land_cdl_classes <- c(0, 81, 83, 88, 111)

non_devcrop_class <- c(0,63:65,81,83:92,111,112,131:195)
